18

19, 19, 99, 91, 99, 100, 113, 120, 135,159, 119, 119.
119, 191, 199, 191, 199, 199, 7, 2,10,21,20, 91, 30,
94, 49, 49, 11, 91, 99, 91, 00,103,105,110, 119, 191
(bis), 123, 120, 199 (91111), 149, 1403 VI, 18, 41, 49,
99, 91, 19 (119), XII, 35, 01, 75, 94, VIII, 12, 19 (119), =
32, 34, 43, 54, 64, 69, 83, 94, ΙΧ, 1, 2, 16, 18 (bis), 20,
23, 20, 32, 33, 47, 53, 56 (9111. pr. Γ), 56 (om pr. Γ),
91, X, 11,19, 19, 94, 99, 99, 91 (1111) XI, 4, 15 (191),1
119991, 304041XII‚„250(01s),0,13‚1010 Ι
25, 20, 49, 49, 41, 49, 91, 99,11,19,99,99,94,199, ,
105, 107 (bis), 100, 119, 119, 199, 191, 141,149,149,
149, 19911119), 153, 155, 19911119), 101, 105 (IIs), 100,
110, 111, 103, 102, 199, 999, 991, 999, 911, 994, 9911, 1
999, 991, 999, 941, 949, 252, 254, 250, 200, 205, 911
(bis); XIII, 9, 1, 9, 19, XIV, 9, 19, 99, 313 XV, 5, 49,
54, 65 (9111. ΓΔ), 69, 77 (bis), 05, 97 (bis), 114, 132,
199, 141, 143,140, 141,151, 119, 1911, 199, 100,103‚
267, 226, 232, 235, 237 (bis), 237 (add. Berseler), 251
(bis), 255, 275, 202, 300, 310; XVI, 1, 4, 9 (bis), 10, 32,
373 XVII, 5, 10, 19, 27, 20, 4449111111, 2, 4, 0
(111111), 68, XIX, 3, 5, 6, 7, 19 (111111), 38 (9111. Γ), 42
(bis); XX, l (bis); XXI, 3, 13 (bis), 10.

Praeterea 919191 formula (11191911 11911151, ΙΠ, 35,
IV, 57, 66, 166, V, II, 45, 56, 79, VI, 3, 37, VII, 8,
73; VIII, 69,1Χ, 7, XII, 23, 37;Χ11, 52, XV, 74, 81,
86, 104, 312, XVII, 36, 52, XVIII, 47. Commemorandum
est 1999191911 inter ἄλλως τε 91 καί 1191111111119199199119111
perIIrIIIerI interponere: IV, 00 91 IX, 7 ἄλλως τ’ euseb»)
καὶ, I', 70 ἄλλως r‘I' ὅταν καὶ, I'I, 3 et XV, 81 ἄλλως τε
111) καὶ, XV, 104 ἄλλως τ’ ἢν καὶ. -- 11, 51 scriptum
1111111199 111191911111111) emissa particule καί.

1111911 91111111 1111 91111999119119111 particulae τε, Isocrates
0010 11119191111111111111 9111911191111111111, 9119911 usu ‹IIscrepat
XV, 251 111111 119,1111ζ111·1(111 tr Ι11111191 IIII> καὶ 11111 καιροῦ
11111 παρόντος Ι111) 911111111ζ11119111 -- Si 91 verbe 911111811101110,

1111 qued perIIIIeI rr, praepositie 1111111191 991, 1191111911111111131

 

