43

apud Andocidem: Ι, 20, 57, 72, 94 (καὶ libri), 146,
ΙΙ, 10, ΙΙΙ, 10. - ΙΙΙ, 6, 10, 13, 23, 23, 32, 33, 36,
41, 42.

apud Lysiam: Ι, 31, 40, 42, ΙΠ, 22, 24, 25, 36,
IV, 6, 16 (eod. Ο), V, 4, ΙΙΠ, 8, 11, 20, 22, 26, 32, 33,
VIII, 1, 4, 11, Χ, 12, XI, 6, 7 (καὶ 11011), XII, 31, 47,
43, 31, 63, 82, 88, 80, XIII, 22, 26, 29, 53, 57, 72, 77,
XIV, 8, 10, 26, 31, 35, XV, 6, XVI, 5, 7, ll, 12, 18,
XVII, 4, XVIII, 8, 12, 19, ΧΙΧ, 9, 17, ΧΧΙ, 7, 8,
XXII, 13, 16, 18, ΧΧΙΠ, 115, XXIV, 2, 12, 13, XXV,
13, 14, 16, XXVI, 16, XXVII, 3, 5, 10, 11, 15, XXVIII,
2, 13, 13, 3313,2,4,1; XXX, 13, 21 (καὶ11311),23,
21, XXXI, 13 (2111 11131), 22, 23, 34; XXXII, 13, 23, 23,
27, XXXIV, 2. - In spurii3 orationibus: II, 42, VI, 10,
12, 13, 14, 22, 23, 31 (33111131), 33, 41 (3311113113
XX, 11 (Iis), 12, 13, 13, 21, 34.

apud Isocratem: ΙΠ, 16, 25, 35, 41, IV, 11, 25, 31,
31, 31, 14, 33, 33, 133, 121, 132133, 1331112113,
7, 14, 23, 33, 34, 13, 32, 143, 71, 11, 30, 32, 31, 34;
711, 13, 13, 21, 33, 7111, 13, 33, 33, 134, 103, 114,
123, 123, 13, 43, 33; 3, 42, 31, 3, 31, 31, 43, 43,
311, 12, 32, 33, 31, 213, 214. 223, 224, 3111, 21; 317.
23, 21, 3234, 37, 23, 43. 41. 33, 33, 133, 112113,
123132, 133, 131 133, 133, 111, 232, 233, 223, 233,
233, 233, 231, 313, XVI. 33, 3342, XVII, 23, 33, 32,
34, 31, 43, 43. 43, 33. 33, XVIII, 11, 13, 24, 30, 33,
33, 41, 32, XIX, 13, 2322, 33. 34, 43, 43, 43, 33, 3.
4, ΧΧΙ, 3, 14.

331111 1311311111, Ι, 13, 23. 26, 27, ΙΙ, 15, 30, 111. ll,
14, 33, 7, 23, :1:1, 31, 33. 41, 71. 11, 44, 43, 32. 34.
58, VII, 12, 33, 40, VIII, ΙΙ. 17, 20. 24, 26, IX. 311:
X, 24, XI. 6, 10. 24, XII, 9.

33110 0713133113 27, 30. 37, 30. 44, 52, 53, 64. 74,
13. 11. 33. 33, 33, 133, 134. 133.

113111111711317173113111 1131333111. 10, 23, ,113 10113. 20, 2,
2312, 33, 4, 331, 31, 21.

 

